# Criar vetor de vendas 
vendas <- c(18, 22, 14, 25, 19, 16, 12, 23, 17, 20)